0	6.4031242374328485	30
1	6.4031242374328485	30
2	6.4031242374328485	32
3	6.4031242374328485	32
4	6.4031242374328485	29
5	6.4031242374328485	28
6	6.4031242374328485	29
7	6.4031242374328485	28
8	6.4031242374328485	29
9	6.4031242374328485	28
10	6.4031242374328485	29
11	6.4031242374328485	28
12	6.4031242374328485	29
13	6.4031242374328485	28
14	6.4031242374328485	29
15	6.4031242374328485	28
16	6.4031242374328485	29
17	6.4031242374328485	28
18	6.4031242374328485	29
19	6.4031242374328485	28
20	6.4031242374328485	29
21	6.4031242374328485	28
22	6.4031242374328485	29
23	6.4031242374328485	28
24	6.4031242374328485	29
25	6.4031242374328485	28
26	6.4031242374328485	29
27	6.4031242374328485	28
28	6.4031242374328485	29
29	6.4031242374328485	28
30	6.4031242374328485	29
31	6.4031242374328485	28
32	6.4031242374328485	29
33	6.4031242374328485	28
34	6.4031242374328485	29
35	6.4031242374328485	28
36	6.4031242374328485	29
37	6.4031242374328485	28
38	6.4031242374328485	29
39	6.4031242374328485	28
40	6.4031242374328485	29
41	6.4031242374328485	28
42	6.4031242374328485	29
43	6.4031242374328485	28
44	6.4031242374328485	29
45	6.4031242374328485	28
46	6.4031242374328485	29
47	6.4031242374328485	28
48	6.4031242374328485	29
49	6.4031242374328485	28
50	6.4031242374328485	29
51	6.4031242374328485	28
52	6.4031242374328485	29
53	6.4031242374328485	28
54	6.4031242374328485	29
55	6.4031242374328485	28
56	6.4031242374328485	29
57	6.4031242374328485	28
58	6.4031242374328485	29
59	6.4031242374328485	28
60	6.4031242374328485	29
61	6.4031242374328485	28
62	6.4031242374328485	29
63	6.4031242374328485	28
64	6.4031242374328485	29
65	6.4031242374328485	28
66	6.4031242374328485	29
67	6.4031242374328485	28
68	6.4031242374328485	29
69	6.4031242374328485	28
70	6.4031242374328485	29
71	6.4031242374328485	28
72	6.4031242374328485	29
73	6.4031242374328485	28
74	6.4031242374328485	29
75	6.4031242374328485	28
76	6.4031242374328485	29
77	6.4031242374328485	28
78	6.4031242374328485	29
79	6.4031242374328485	28
80	6.4031242374328485	29
81	6.4031242374328485	28
82	6.4031242374328485	29
83	6.4031242374328485	28
84	6.4031242374328485	29
85	6.4031242374328485	28
86	6.4031242374328485	29
87	6.4031242374328485	28
88	6.4031242374328485	29
89	6.4031242374328485	28
90	6.4031242374328485	29
91	6.4031242374328485	28
92	6.4031242374328485	29
93	6.4031242374328485	28
94	6.4031242374328485	29
95	6.4031242374328485	28
96	6.4031242374328485	29
97	6.4031242374328485	28
98	6.4031242374328485	29
99	6.4031242374328485	28
100	6.4031242374328485	29
101	6.4031242374328485	28
102	6.4031242374328485	29
103	6.4031242374328485	28
104	6.4031242374328485	29
105	6.4031242374328485	28
106	6.4031242374328485	29
107	6.4031242374328485	28
108	6.4031242374328485	29
109	6.4031242374328485	28
110	6.4031242374328485	29
111	6.4031242374328485	28
112	6.4031242374328485	29
113	6.4031242374328485	28
114	6.4031242374328485	29
115	6.4031242374328485	28
116	6.4031242374328485	29
117	6.4031242374328485	28
118	6.4031242374328485	29
119	6.4031242374328485	28
120	6.4031242374328485	29
121	6.4031242374328485	28
122	6.4031242374328485	29
123	6.4031242374328485	28
124	6.4031242374328485	29
125	6.4031242374328485	28
126	6.4031242374328485	29
127	6.4031242374328485	28
128	6.4031242374328485	29
129	6.4031242374328485	28
130	6.4031242374328485	29
131	6.4031242374328485	28
132	6.4031242374328485	29
133	6.4031242374328485	28
134	6.4031242374328485	29
135	6.4031242374328485	28
136	6.4031242374328485	29
137	6.4031242374328485	28
138	6.4031242374328485	29
139	6.4031242374328485	28
140	6.4031242374328485	29
141	6.4031242374328485	28
142	6.4031242374328485	29
143	6.4031242374328485	28
144	6.4031242374328485	29
145	6.4031242374328485	28
146	6.4031242374328485	29
147	6.4031242374328485	28
148	6.4031242374328485	29
149	6.4031242374328485	28
150	6.4031242374328485	29
151	6.4031242374328485	28
152	6.4031242374328485	29
153	6.4031242374328485	28
154	6.4031242374328485	29
155	6.4031242374328485	28
156	6.4031242374328485	29
157	6.4031242374328485	28
158	6.4031242374328485	29
159	6.4031242374328485	28
160	6.4031242374328485	29
161	6.4031242374328485	28
162	6.4031242374328485	29
163	6.4031242374328485	28
164	6.4031242374328485	29
165	6.4031242374328485	28
166	6.4031242374328485	29
167	6.4031242374328485	28
168	6.4031242374328485	29
169	6.4031242374328485	28
170	6.4031242374328485	29
171	6.4031242374328485	28
172	6.4031242374328485	29
173	6.4031242374328485	28
174	6.4031242374328485	29
175	6.4031242374328485	28
176	6.4031242374328485	29
177	6.4031242374328485	28
178	6.4031242374328485	29
179	6.4031242374328485	28
180	6.4031242374328485	29
181	6.4031242374328485	28
182	6.4031242374328485	29
183	6.4031242374328485	28
184	6.4031242374328485	29
185	6.4031242374328485	28
186	6.4031242374328485	29
187	6.4031242374328485	28
188	6.4031242374328485	29
189	6.4031242374328485	28
190	6.4031242374328485	29
191	6.4031242374328485	28
192	6.4031242374328485	29
193	6.4031242374328485	28
194	6.4031242374328485	29
195	6.4031242374328485	28
196	6.4031242374328485	29
197	6.4031242374328485	28
198	6.4031242374328485	29
199	6.4031242374328485	28
200	6.4031242374328485	29
201	6.4031242374328485	28
202	6.4031242374328485	29
203	6.4031242374328485	28
204	6.4031242374328485	29
205	6.4031242374328485	28
206	6.4031242374328485	29
207	6.4031242374328485	28
208	6.4031242374328485	29
209	6.4031242374328485	28
210	6.4031242374328485	29
211	6.4031242374328485	28
212	6.4031242374328485	29
213	6.4031242374328485	28
214	6.4031242374328485	29
215	6.4031242374328485	28
216	6.4031242374328485	29
217	6.4031242374328485	28
218	6.4031242374328485	29
219	6.4031242374328485	28
220	6.4031242374328485	29
221	6.4031242374328485	28
222	6.4031242374328485	29
223	6.4031242374328485	28
224	6.4031242374328485	29
225	6.4031242374328485	28
226	6.4031242374328485	29
227	6.4031242374328485	28
228	6.4031242374328485	29
229	6.4031242374328485	28
230	6.4031242374328485	29
231	6.4031242374328485	28
232	6.4031242374328485	29
233	6.4031242374328485	28
234	6.4031242374328485	29
235	6.4031242374328485	28
236	6.4031242374328485	29
237	6.4031242374328485	28
238	6.4031242374328485	29
239	6.4031242374328485	28
240	6.4031242374328485	29
241	6.4031242374328485	28
242	6.4031242374328485	29
243	6.4031242374328485	28
244	6.4031242374328485	29
245	6.4031242374328485	28
246	6.4031242374328485	29
247	6.4031242374328485	28
248	6.4031242374328485	29
249	6.4031242374328485	28
